Calibration Error :
The 1th Mean Error :0.279285pixels
The 2th Mean Error :0.277488pixels
The 3th Mean Error :0.318998pixels
The 4th Mean Error :0.300888pixels
The 5th Mean Error :0.202532pixels
The 6th Mean Error :0.184905pixels
The 7th Mean Error :0.295501pixels
The 8th Mean Error :0.0740466pixels
The 9th Mean Error :0.264498pixels
The 10th Mean Error :0.327251pixels
The 11th Mean Error :0.239602pixels
The 12th Mean Error :0.178807pixels
The 13th Mean Error :0.20571pixels
Total Mean Error :0.24227pixels

Camera Matrix :
[622.9120648548709, 0, 317.6269050404309;
 0, 621.5346783372277, 241.6676996108096;
 0, 0, 1]

Distortion Coefficients
[0.2060410066996251, -0.6363980291709275, -0.007828088178101208, 0.004611236613560569, 1.436233957747143]


The 1th Rotation vectors
[1.611236558310057;
 -2.179421415173671;
 -0.3410443388392539]
The 1th Rotation Matrix
[-0.2501971380087757, -0.8524227384646879, -0.459104418493854;
 -0.9519242100346386, 0.3031450559031869, -0.04408370936505307;
 0.1767531908683596, 0.4260029929822272, -0.8872878673170493]
The 1th Translation vectors
[31.86635567877856;
 61.5798039383036;
 333.5966066226463]

The 2th Rotation vectors
[-0.4815836620633951;
 -2.744959978629148;
 -0.2289988276472586]
The 2th Rotation Matrix
[-0.8833981688151173, 0.3558655848382364, -0.3049054949682564;
 0.3004243598945063, 0.9294118958114177, 0.2143332263234124;
 0.359656613057613, 0.09774054149618253, -0.9279514573683041]
The 2th Translation vectors
[19.59718595291721;
 -60.15405265467167;
 269.8732830118052]

The 3th Rotation vectors
[0.5199623373544298;
 3.092651865829963;
 0.245421491694985]
The 3th Rotation Matrix
[-0.9453465477033476, 0.3253372657312966, 0.0218075278710397;
 0.3247048041328468, 0.933180749970087, 0.1540794537189016;
 0.02977742296458891, 0.1527394887111689, -0.9878177735138394]
The 3th Translation vectors
[43.30822416553793;
 -79.15348628918383;
 332.7194905300702]

The 4th Rotation vectors
[0.1131365321355507;
 -2.869038880286683;
 1.23534565430741]
The 4th Rotation Matrix
[-0.9972543750841008, -0.07270513361301535, 0.01405969138826171;
 -0.06017674545909187, 0.6850070204954796, -0.7260469276691809;
 0.043156351578548, -0.7248995416043652, -0.6875014064714412]
The 4th Translation vectors
[99.31063731141484;
 -67.11935787097931;
 351.1090809684452]

The 5th Rotation vectors
[-0.2873732153971571;
 -2.751768097670078;
 -0.8151480732629039]
The 5th Rotation Matrix
[-0.9475596819914518, 0.2588909236750229, -0.1873663222218765;
 0.1150697688829097, 0.8233606883556019, 0.5557302629512112;
 0.2981435851288643, 0.5050273918405636, -0.8099739107756654]
The 5th Translation vectors
[45.92576824497377;
 -45.65659231667782;
 310.4250963183897]

The 6th Rotation vectors
[-1.293468879424648;
 2.550121046954682;
 0.6996615319965906]
The 6th Rotation Matrix
[-0.5981261845407073, -0.8005673622223932, -0.03656454445299295;
 -0.7071378913969217, 0.5057536602118107, 0.49413483760313;
 -0.3770955713310499, 0.3214111599285807, -0.8686160235431265]
The 6th Translation vectors
[57.07823090041877;
 36.80436484372912;
 372.1381128843081]

The 7th Rotation vectors
[1.847999500782838;
 1.664211364527635;
 -0.2156927737033805]
The 7th Rotation Matrix
[0.1870150040704894, 0.9398253579621968, 0.2859260127790814;
 0.8358814692489364, 0.0006651780326053514, -0.5489095798985697;
 -0.5160693341197035, 0.3416545829773305, -0.7854582027783733]
The 7th Translation vectors
[-106.019800365934;
 -103.7342344122091;
 360.5740995156182]

The 8th Rotation vectors
[1.785974133143955;
 2.528991738083084;
 0.2640356824121063]
The 8th Rotation Matrix
[-0.3388847199556217, 0.9324106499926726, 0.1255688112583765;
 0.9382400293270522, 0.3250365682615065, 0.1185616998071269;
 0.06973373608929981, 0.1579924335942229, -0.9849749220046178]
The 8th Translation vectors
[-37.56551075646217;
 -71.51652232355924;
 448.981359450952]

The 9th Rotation vectors
[-0.09306946432965317;
 -3.06981219330052;
 0.08163079290471821]
The 9th Rotation Matrix
[-0.9957676006832981, 0.05862478238588609, -0.07078149701465231;
 0.06230364010631816, 0.9967566460193339, -0.05093569520278272;
 0.06756583351761536, -0.05513005991739807, -0.996190511214885]
The 9th Translation vectors
[36.19357298721446;
 -63.99827957963906;
 435.8430413580882]

The 10th Rotation vectors
[-0.01312831147734735;
 -2.633851942003196;
 0.005517242721932253]
The 10th Rotation Matrix
[-0.8738173749114022, 0.008321526341707167, -0.4861830390936012;
 0.01035830133872969, 0.9999452234605245, -0.001501889429175338;
 0.4861439096567209, -0.006348407503120095, -0.8738557070969167]
The 10th Translation vectors
[28.53820322074236;
 -66.68180893213541;
 280.6672193734181]

The 11th Rotation vectors
[-2.204067170292589;
 2.239989444958969;
 0.08866883739339233]
The 11th Rotation Matrix
[-0.01694680430622697, -0.9990111698232468, -0.0411033866268202;
 -0.9991343252837942, 0.01535819433572394, 0.03866168525094408;
 -0.03799218161021271, 0.04172299647836363, -0.9984066234262287]
The 11th Translation vectors
[39.12462337927741;
 81.69149395126462;
 375.9970331993931]

The 12th Rotation vectors
[1.370169617058714;
 -2.572436407586974;
 0.2111883875863872]
The 12th Rotation Matrix
[-0.5416086454807093, -0.8313443970632539, -0.1246056524082521;
 -0.799890692547133, 0.5552529003298575, -0.2277478795768465;
 0.2585245735264241, -0.02367931896859546, -0.9657144167589941]
The 12th Translation vectors
[53.50960558961894;
 23.13959112456876;
 307.950866623962]

The 13th Rotation vectors
[-1.251099401055918;
 -2.754919431295298;
 0.1541871419375829]
The 13th Rotation Matrix
[-0.6537408014989208, 0.7429861788503052, -0.1435078481929502;
 0.7543595538985266, 0.6548390433440919, -0.04612473039714659;
 0.0597045048347643, -0.1384101345625237, -0.9885737234788409]
The 13th Translation vectors
[0.2501981266331001;
 -94.78401565697295;
 350.2649556260326]


